     i         cx         cy
     0   0.190337   0.129534
     1   0.330270   0.129117
     2   1.000000  -0.236398
     3   0.192887   0.284568
     4  -0.522416  -0.078536
     5  -0.383335   0.132982
     6  -0.382236   0.509740
     7   0.597432  -0.065795
     8   0.872230  -0.073424
     9   0.867650  -0.234099
    10   0.597562  -0.226250
    11   0.321781  -0.436020
    12   0.603028   0.128305
    13   0.057461  -0.083391
    14   0.064613  -0.428803
    15  -0.098252   0.284202
    16  -0.525295  -0.238965
    17   0.058054   0.284538
    18  -0.386262  -0.436937
    19   0.059822  -0.290127
    20  -0.524856  -0.481592
    21  -0.923650  -0.462195
    22   0.565913  -0.367909
    23   0.738938  -0.176677
    24   0.784687  -0.124696
    25   0.060471  -0.366554
    26   0.328592   0.388708
    27   0.740307  -0.363716
    28  -0.746703   0.220441
    29   0.479941  -0.059941
    30   0.059009   0.129932
    31   0.484135   0.283715
    32   0.330641   0.282631
    33   0.191566  -0.029974
    34  -0.099137   0.130404
    35  -0.098796  -0.248573
    36  -0.069566  -0.247432
    37   0.282953  -0.087821
    38  -0.236545   0.285260
    39  -0.793551  -0.079502
    40  -0.936252   0.040128
    41  -0.932261  -0.078681
    42  -0.840915   0.130828
    43  -0.519066   0.131637
    44  -0.521603   0.290755
    45  -0.593479   0.367232
    46  -0.239176   0.131329
    47   0.482312  -0.319221
    48   0.475514  -0.439424
    49  -0.066824   0.283951
    50  -0.098269  -0.083546
    51  -0.067612   0.130305
    52  -0.068714  -0.083459
    53  -0.067705  -0.434735
    54   0.575920  -0.419979
    55   0.324264  -0.331046
    56   0.782873  -0.175469
    57   0.784333  -0.150753
    58  -0.655768  -0.079850
    59  -0.659468   0.127884
    60  -0.685044   0.469959
    61   0.359912   0.427520
    62   0.059489   0.506186
    63  -0.101170  -0.435734
    64   0.319421  -0.266947
    65   0.057492  -0.246657
    66   0.194508  -0.083567
    67  -0.236508   0.508183
    68  -0.241435  -0.360070
    69  -0.238105  -0.247375
    70  -0.240858  -0.431424
    71  -0.523633  -0.399504
    72  -0.788120  -0.450855
    73  -0.098937   0.506998
    74  -0.065704   0.503946
    75  -0.928301  -0.241319
    76   0.462709  -0.122006
    77   0.376299  -0.284529
    78   0.437279  -0.158512
    79   0.268573  -0.250447
    80   0.740687  -0.071254
    81   0.921619  -0.012609
    82   0.657574   0.199025
    83   0.506674   0.316870
    84   0.482580   0.128661
    85  -0.938564   0.233898
    86  -1.000000   0.172174
    87   0.762209   0.115533
    88   0.058863   0.022295
    89   0.738278  -0.230790
    90  -0.385930  -0.243025
    91  -0.385048  -0.371112
    92  -0.790140  -0.240271
    93  -0.844300   0.323428
    94  -0.382138   0.289104
    95  -0.385430  -0.080192
    96   0.081247  -0.330573
    97   0.739633  -0.297431
    98   0.774897  -0.386609
    99  -0.661000  -0.239761
   100  -0.237277  -0.079807
   101  -0.660977  -0.432031
   102   0.191732   0.504446
   103  -0.519750   0.192121
   104  -0.484684   0.192868
   105  -0.484414   0.213869
   106  -0.484558   0.202839
   107  -0.413361   0.288114
   108  -0.412156   0.240184
   109  -0.448107   0.170265
   110  -0.483433   0.169487
   111  -0.459395   0.243483
   112  -0.459228   0.224419
   113  -0.428716   0.224941
   114  -0.519164   0.169051
   115  -0.448690   0.189809
   116  -0.416941   0.179415
   117  -0.411627   0.191147
   118  -0.411770   0.204619
   119   0.289645  -0.479119
   120  -0.415710   0.131349
   121  -0.449080   0.203439
   122  -0.382968   0.180886
   123  -0.382504   0.240685
   124   0.097179  -0.246455
   125   0.453884  -0.298914
   126   0.321871  -0.479682
   127   0.476171  -0.216902
   128   0.040034  -0.328889
   129   0.488970  -0.141602
   130   0.297372  -0.093884
   131   0.770094  -0.161742
   132   0.632325  -0.138130
   133   0.770282  -0.151272
   134   0.740199  -0.123555
   135   0.783702  -0.161472
   136   0.632456  -0.131553
   137   0.597487  -0.135989
   138   0.632354  -0.154959
   139   0.922295  -0.158038
   140  -0.792295  -0.146740
   141  -0.930618  -0.145987
   142   0.869985  -0.155241
   143  -0.446096   0.509603
   144   0.199108  -0.246091
   145   0.267055  -0.120293
   146   0.198692  -0.118766
   147   0.251348  -0.117576
   148   0.207559  -0.118332
   149   0.240064   0.065756
   150   0.225364   0.012879
   151   0.245299   0.032924
   152   0.224989   0.032549
   153   0.163892  -0.082506
   154   0.164773  -0.042547
   155   0.190914   0.031872
   156   0.190771   0.066110
   157   0.497034  -0.435494
   158   0.135579  -0.182051
   159   0.104124  -0.183314
   160   0.468052  -0.195734
   161   0.462185  -0.188805
   162   0.474392  -0.139558
   163   0.455468  -0.136904
   164   0.479701  -0.197182
   165   0.488185  -0.198233
   166   0.499994  -0.128089
   167  -0.661746  -0.314501
   168  -0.626430  -0.373360
   169  -0.629467  -0.312665
   170  -0.661757  -0.308367
   171  -0.690672  -0.309438
   172  -0.271784  -0.272874
   173  -0.329836  -0.275745
   174  -0.238166   0.449096
   175  -0.237999   0.432428
   176  -0.255533   0.447905
   177  -0.255510   0.431464
   178  -0.237891  -0.180253
   179  -0.158829  -0.177743
   180  -0.698565  -0.346764
   181  -0.717330  -0.335298
   182  -0.716974  -0.347477
   183  -0.691967  -0.334867
   184  -0.737596  -0.314905
   185  -0.788777  -0.339359
   186  -0.751316  -0.338987
   187  -0.677128  -0.334602
   188  -0.737455  -0.335641
   189  -0.752160  -0.315213
   190  -0.329795  -0.244194
   191  -0.739332  -0.342626
   192  -0.750161  -0.391798
   193  -0.787863  -0.393123
   194  -0.690944  -0.393258
   195  -0.706577  -0.393642
   196  -0.749138  -0.415678
   197  -0.707311  -0.414560
   198  -0.692127  -0.413816
   199   0.512189   0.157329
   200   0.512071   0.128573
   201  -0.163979   0.405207
   202  -0.237920   0.424331
   203  -0.163756   0.417726
   204  -0.100755   0.404382
   205  -0.165367   0.360757
   206  -0.336910   0.399188
   207  -0.343431   0.454611
   208  -0.381119   0.454331
   209  -0.570475  -0.146523
   210  -0.523644  -0.145229
   211   0.329988   0.065869
   212   0.270095   0.024829
   213   0.276406   0.065212
   214   0.329566   0.343675
   215   0.318513   0.381282
   216   0.871771  -0.090047
   217   0.884331  -0.090497
   218   0.907917  -0.094436
   219   0.907378  -0.116236
   220   0.893910  -0.089257
   221   0.915832  -0.062694
   222   0.940843  -0.082625
   223   0.794459  -0.017063
   224   0.774938  -0.015973
   225   0.772886  -0.047434
   226   0.792679  -0.048143
   227   0.791347  -0.072091
   228  -0.524169  -0.361969
   229  -0.566141  -0.364421
   230  -0.554042  -0.363715
   231  -0.554725  -0.333818
   232  -0.573361  -0.335354
   233  -0.678930   0.285374
   234  -0.629168   0.234386
   235  -0.933266  -0.048753
   236  -0.853380  -0.048278
   237  -0.336886   0.024390
   238  -0.336261   0.049834
   239  -0.383628   0.025682
   240  -0.383589   0.050501
   241   0.326232  -0.509740
   242   0.991745  -0.335182
   243  -0.898513  -0.287381
   244  -0.886238  -0.171685
   245  -0.914327  -0.146071
   246  -0.930067  -0.168664
   247  -0.898961  -0.325693
   248  -0.914627  -0.169495
   249  -0.884190  -0.213610
   250  -0.926032  -0.326334
   251  -0.203863  -0.247862
   252  -0.201882  -0.194303
